annotations_per_class_this_run_avg: [144.33333333333334, 152.33333333333334, 145.33333333333334, 153.33333333333334, 141.66666666666666, 154.33333333333334, 155.0, 157.33333333333334, 150.66666666666666, 147.66666666666666, 147.33333333333334, 148.0, 145.66666666666666, 144.0, 157.0, 145.33333333333334, 153.0, 148.33333333333334, 155.33333333333334, 150.0]
annotations_per_class_avg: [730.3333333333334, 750.3333333333334, 745.6666666666666, 766.3333333333334, 734.0, 748.6666666666666, 769.0, 758.6666666666666, 729.3333333333334, 742.0, 777.0, 760.3333333333334, 767.6666666666666, 727.3333333333334, 744.3333333333334, 717.0, 754.3333333333334, 744.6666666666666, 743.3333333333334, 769.6666666666666]
areas_this_run_mean_avg: 0.015546961169519988
areas_this_run_stdev_avg: 0.0228437135988632
areas_this_run_quantiles_avg: [0.0014366158328762144, 0.006317338053986178, 0.02001078316475996]
highest_IoU_this_run_mean_avg: 0.028309862939890646
highest_IoU_this_run_stdev_avg: 0.06449440118955756
highest_IoU_this_run_quantiles_avg: [0.0, 0.00031733190655482374, 0.023621002771700362]
original_annotations_per_image_this_run_mean_avg: 2.335113484646195
original_annotations_per_image_this_run_stdev_avg: 2.3297802591675763
original_annotations_per_image_this_run_quantiles_avg: [1.0, 1.0, 3.0]
areas_mean_avg: 0.015610163975171306
areas_stdev_avg: 0.02301325292317975
areas_quantiles_avg: [0.001500555756194789, 0.0063551806583686645, 0.019828942447115572]
highest_IoU_mean_avg: 0.028367970442635306
highest_IoU_stdev_avg: 0.06408257982648806
highest_IoU_quantiles_avg: [0.0, 0.00045571164249112056, 0.024366420482091856]
original_annotations_per_image_mean_avg: 2.336515353805073
original_annotations_per_image_stdev_avg: 2.37647999863554
original_annotations_per_image_quantiles_avg: [1.0, 1.0, 3.0]
