annotations_per_class_this_run_avg: [140.66666666666666, 149.66666666666666, 151.66666666666666, 154.0, 145.0, 147.33333333333334, 154.66666666666666, 147.66666666666666, 140.66666666666666, 149.33333333333334, 166.66666666666666, 157.33333333333334, 153.66666666666666, 161.0, 140.33333333333334, 134.33333333333334, 149.66666666666666, 156.0, 147.33333333333334, 149.0]
annotations_per_class_avg: [446.0, 440.3333333333333, 448.3333333333333, 463.6666666666667, 437.0, 447.6666666666667, 452.3333333333333, 456.3333333333333, 436.3333333333333, 445.6666666666667, 469.6666666666667, 467.3333333333333, 465.3333333333333, 436.0, 437.3333333333333, 431.6666666666667, 454.0, 448.6666666666667, 443.6666666666667, 460.6666666666667]
areas_this_run_mean_avg: 0.015538530336999081
areas_this_run_stdev_avg: 0.02288828891648796
areas_this_run_quantiles_avg: [0.0015114305899249017, 0.006470099393132221, 0.01964342293496828]
highest_IoU_this_run_mean_avg: 0.028993818472443793
highest_IoU_this_run_stdev_avg: 0.06525271291640498
highest_IoU_this_run_quantiles_avg: [0.0, 0.0006581742189906002, 0.025070469627974785]
original_annotations_per_image_this_run_mean_avg: 2.3341121495327104
original_annotations_per_image_this_run_stdev_avg: 2.3920518380901648
original_annotations_per_image_this_run_quantiles_avg: [1.0, 1.0, 3.0]
areas_mean_avg: 0.015619638885543284
areas_stdev_avg: 0.022968480178903485
areas_quantiles_avg: [0.0015257671580969651, 0.006458790800783026, 0.019871580471683758]
highest_IoU_mean_avg: 0.028711457843600383
highest_IoU_stdev_avg: 0.06389808118468143
highest_IoU_quantiles_avg: [0.0, 0.0005922344085234272, 0.025368792894286552]
original_annotations_per_image_mean_avg: 2.3446076249814567
original_annotations_per_image_stdev_avg: 2.4082397993327422
original_annotations_per_image_quantiles_avg: [1.0, 1.0, 3.0]
