annotations_per_class_this_run_avg: [146.33333333333334, 155.33333333333334, 150.66666666666666, 161.0, 143.33333333333334, 158.0, 141.33333333333334, 152.0, 149.33333333333334, 144.0, 144.0, 154.0, 153.33333333333334, 136.0, 153.66666666666666, 147.33333333333334, 151.0, 145.66666666666666, 152.66666666666666, 157.0]
annotations_per_class_avg: [305.3333333333333, 290.6666666666667, 296.6666666666667, 309.6666666666667, 292.0, 300.3333333333333, 297.6666666666667, 308.6666666666667, 295.6666666666667, 296.3333333333333, 303.0, 310.0, 311.6666666666667, 275.0, 297.0, 297.3333333333333, 304.3333333333333, 292.6666666666667, 296.3333333333333, 311.6666666666667]
areas_this_run_mean_avg: 0.015518886216502293
areas_this_run_stdev_avg: 0.022842921255427084
areas_this_run_quantiles_avg: [0.0015271338119274647, 0.006374797481518735, 0.019778795318770043]
highest_IoU_this_run_mean_avg: 0.028158364561504473
highest_IoU_this_run_stdev_avg: 0.06234803136125914
highest_IoU_this_run_quantiles_avg: [0.0, 0.000502265451068599, 0.02494435020944249]
original_annotations_per_image_this_run_mean_avg: 2.3921895861148195
original_annotations_per_image_this_run_stdev_avg: 2.538094287845536
original_annotations_per_image_this_run_quantiles_avg: [1.0, 1.0, 3.0]
areas_mean_avg: 0.01566019315981539
areas_stdev_avg: 0.023007214726249645
areas_quantiles_avg: [0.0015300058113354694, 0.00645822874059501, 0.01994853533084803]
highest_IoU_mean_avg: 0.028570277529178678
highest_IoU_stdev_avg: 0.06320677206482693
highest_IoU_quantiles_avg: [0.0, 0.000566367193217615, 0.0253454516185424]
original_annotations_per_image_mean_avg: 2.34985536270583
original_annotations_per_image_stdev_avg: 2.415429884532585
original_annotations_per_image_quantiles_avg: [1.0, 1.0, 3.0]
