annotations_per_class_this_run_avg: [159.0, 135.33333333333334, 146.0, 148.66666666666666, 148.66666666666666, 142.33333333333334, 156.33333333333334, 156.66666666666666, 146.33333333333334, 152.33333333333334, 159.0, 156.0, 158.33333333333334, 139.0, 143.33333333333334, 150.0, 153.33333333333334, 147.0, 143.66666666666666, 154.66666666666666]
annotations_per_class_avg: [159.0, 135.33333333333334, 146.0, 148.66666666666666, 148.66666666666666, 142.33333333333334, 156.33333333333334, 156.66666666666666, 146.33333333333334, 152.33333333333334, 159.0, 156.0, 158.33333333333334, 139.0, 143.33333333333334, 150.0, 153.33333333333334, 147.0, 143.66666666666666, 154.66666666666666]
areas_this_run_mean_avg: 0.015801500103128484
areas_this_run_stdev_avg: 0.023172659346282796
areas_this_run_quantiles_avg: [0.0015237180740152205, 0.006550870116314208, 0.020151259719346174]
highest_IoU_this_run_mean_avg: 0.028982190496852887
highest_IoU_this_run_stdev_avg: 0.06398781411297884
highest_IoU_this_run_quantiles_avg: [0.0, 0.0006213986394551964, 0.02566080118458997]
original_annotations_per_image_this_run_mean_avg: 2.30752113929684
original_annotations_per_image_this_run_stdev_avg: 2.2843071565116033
original_annotations_per_image_this_run_quantiles_avg: [1.0, 1.0, 3.0]
areas_mean_avg: 0.015801500103128484
areas_stdev_avg: 0.023172659346282796
areas_quantiles_avg: [0.0015237180740152205, 0.006550870116314208, 0.020151259719346174]
highest_IoU_mean_avg: 0.028982190496852887
highest_IoU_stdev_avg: 0.06398781411297884
highest_IoU_quantiles_avg: [0.0, 0.0006213986394551964, 0.02566080118458997]
original_annotations_per_image_mean_avg: 2.30752113929684
original_annotations_per_image_stdev_avg: 2.2843071565116033
original_annotations_per_image_quantiles_avg: [1.0, 1.0, 3.0]
