annotations_per_class_this_run_avg: [140.0, 157.66666666666666, 152.0, 149.33333333333334, 155.33333333333334, 146.66666666666666, 161.66666666666666, 145.0, 142.33333333333334, 148.66666666666666, 160.0, 145.0, 156.66666666666666, 147.33333333333334, 150.0, 140.0, 147.33333333333334, 147.66666666666666, 144.33333333333334, 159.0]
annotations_per_class_avg: [586.0, 598.0, 600.3333333333334, 613.0, 592.3333333333334, 594.3333333333334, 614.0, 601.3333333333334, 578.6666666666666, 594.3333333333334, 629.6666666666666, 612.3333333333334, 622.0, 583.3333333333334, 587.3333333333334, 571.6666666666666, 601.3333333333334, 596.3333333333334, 588.0, 619.6666666666666]
areas_this_run_mean_avg: 0.01564494204970668
areas_this_run_stdev_avg: 0.023292587378561075
areas_this_run_quantiles_avg: [0.001490710372324265, 0.006132913311566113, 0.01949972981003677]
highest_IoU_this_run_mean_avg: 0.027395615742484725
highest_IoU_this_run_stdev_avg: 0.06412021815574297
highest_IoU_this_run_quantiles_avg: [0.0, 0.00023870871077074537, 0.022788477465751734]
original_annotations_per_image_this_run_mean_avg: 2.313640409434802
original_annotations_per_image_this_run_stdev_avg: 2.3247509386697764
original_annotations_per_image_this_run_quantiles_avg: [1.0, 1.0, 3.0]
areas_mean_avg: 0.015625964676584135
areas_stdev_avg: 0.023055351539517488
areas_quantiles_avg: [0.0015175831699537252, 0.00637071026176312, 0.019788700059522102]
highest_IoU_mean_avg: 0.02838249731832147
highest_IoU_stdev_avg: 0.06397832623561739
highest_IoU_quantiles_avg: [0.0, 0.000497568307972045, 0.024506852161563824]
original_annotations_per_image_mean_avg: 2.336865821094793
original_annotations_per_image_stdev_avg: 2.388053827729625
original_annotations_per_image_quantiles_avg: [1.0, 1.0, 3.0]
