YOLO: 0.5565890054207321 0.545926014250813 0.541050530178314 0.5412516212446076 0.5317413073753567 0.5443866703064563
Brain: 0.6153083958818035 0.5879200613675085 0.5522560609644867 0.5241855800441894 0.4574445651337752 0.5187417153181555
VIS: 0.24391466133595435 0.24348897591603186 0.23815582875567679 0.23657776355710727 0.2341732670547289 0.22860595909627113
Faster-RCNN: 0.2638 0.2384 0.2295 0.252 0.2386 0.2352
