annotations_per_class_this_run_avg: [151.66666666666666, 156.33333333333334, 156.33333333333334, 159.66666666666666, 147.33333333333334, 151.66666666666666, 151.66666666666666, 146.66666666666666, 153.33333333333334, 146.66666666666666, 143.33333333333334, 151.33333333333334, 142.0, 135.66666666666666, 144.66666666666666, 150.0, 153.0, 148.66666666666666, 153.66666666666666, 152.33333333333334]
annotations_per_class_avg: [604.3333333333334, 615.0, 610.0, 594.3333333333334, 605.0, 604.0, 604.0, 581.3333333333334, 602.3333333333334, 586.6666666666666, 611.0, 613.6666666666666, 604.3333333333334, 602.3333333333334, 593.0, 574.0, 599.3333333333334, 592.3333333333334, 597.0, 590.0]
areas_this_run_mean_avg: 0.2827536047375026
areas_this_run_stdev_avg: 0.15036747351609647
areas_this_run_quantiles_avg: [0.1724456366981685, 0.2646396295642286, 0.3738572029332592]
highest_IoU_this_run_mean_avg: 0.25028518432060604
highest_IoU_this_run_stdev_avg: 0.18752540743005655
highest_IoU_this_run_quantiles_avg: [0.08851056261905839, 0.23563670171033724, 0.38101558031632776]
original_annotations_per_image_this_run_mean_avg: 2.34623943035158
original_annotations_per_image_this_run_stdev_avg: 2.391408968201
original_annotations_per_image_this_run_quantiles_avg: [1.0, 1.0, 3.0]
areas_mean_avg: 0.28294025533344386
areas_stdev_avg: 0.14954194996499837
areas_quantiles_avg: [0.17406523970072452, 0.26483888783582704, 0.37377908532417664]
highest_IoU_mean_avg: 0.24932146999880742
highest_IoU_stdev_avg: 0.18717550062227195
highest_IoU_quantiles_avg: [0.08904848567112282, 0.2338656940739087, 0.3805791511100162]
original_annotations_per_image_mean_avg: 2.371940364931019
original_annotations_per_image_stdev_avg: 2.477845661349773
original_annotations_per_image_quantiles_avg: [1.0, 1.0, 3.0]
