annotations_per_class_this_run_avg: [160.0, 149.33333333333334, 150.66666666666666, 152.0, 147.66666666666666, 151.33333333333334, 151.33333333333334, 145.0, 147.0, 140.66666666666666, 154.0, 165.0, 152.33333333333334, 150.66666666666666, 152.33333333333334, 138.0, 152.33333333333334, 146.0, 152.0, 138.33333333333334]
annotations_per_class_avg: [307.6666666666667, 295.3333333333333, 310.3333333333333, 297.3333333333333, 301.0, 303.6666666666667, 304.0, 297.0, 298.0, 291.3333333333333, 303.6666666666667, 307.3333333333333, 313.3333333333333, 310.6666666666667, 299.0, 284.3333333333333, 288.0, 293.0, 298.3333333333333, 288.6666666666667]
areas_this_run_mean_avg: 0.28460882523743386
areas_this_run_stdev_avg: 0.1496360650061728
areas_this_run_quantiles_avg: [0.17656336911141055, 0.26589695525437307, 0.37500578808665913]
highest_IoU_this_run_mean_avg: 0.24799684885542195
highest_IoU_this_run_stdev_avg: 0.18550501415795795
highest_IoU_this_run_quantiles_avg: [0.09000995652972128, 0.232375467393919, 0.3755279407330116]
original_annotations_per_image_this_run_mean_avg: 2.4085447263017357
original_annotations_per_image_this_run_stdev_avg: 2.528923969536596
original_annotations_per_image_this_run_quantiles_avg: [1.0, 1.0, 3.0]
areas_mean_avg: 0.28261544028498153
areas_stdev_avg: 0.14883526872268207
areas_quantiles_avg: [0.17402684500593527, 0.2650388893207685, 0.37289199035486553]
highest_IoU_mean_avg: 0.24852935156139946
highest_IoU_stdev_avg: 0.1870756314159581
highest_IoU_quantiles_avg: [0.08881696853259545, 0.23228131994548637, 0.3791197488734303]
original_annotations_per_image_mean_avg: 2.375166889185581
original_annotations_per_image_stdev_avg: 2.508627156687849
original_annotations_per_image_quantiles_avg: [1.0, 1.0, 3.0]
