annotations_per_class_this_run_avg: [141.0, 140.33333333333334, 150.0, 152.0, 147.0, 152.0, 161.66666666666666, 162.0, 153.33333333333334, 154.66666666666666, 156.66666666666666, 143.33333333333334, 146.0, 149.33333333333334, 146.66666666666666, 145.0, 149.66666666666666, 148.33333333333334, 146.0, 151.0]
annotations_per_class_avg: [745.3333333333334, 755.3333333333334, 760.0, 746.3333333333334, 752.0, 756.0, 765.6666666666666, 743.3333333333334, 755.6666666666666, 741.3333333333334, 767.6666666666666, 757.0, 750.3333333333334, 751.6666666666666, 739.6666666666666, 719.0, 749.0, 740.6666666666666, 743.0, 741.0]
areas_this_run_mean_avg: 0.2844883640059612
areas_this_run_stdev_avg: 0.15073848844227244
areas_this_run_quantiles_avg: [0.171801969938541, 0.2662536803635349, 0.3779286496899734]
highest_IoU_this_run_mean_avg: 0.24727173885382336
highest_IoU_this_run_stdev_avg: 0.18558647069861234
highest_IoU_this_run_quantiles_avg: [0.09039321490611474, 0.22952950507225447, 0.3752920675468165]
original_annotations_per_image_this_run_mean_avg: 2.325322652425456
original_annotations_per_image_this_run_stdev_avg: 2.3514627990389183
original_annotations_per_image_this_run_quantiles_avg: [1.0, 1.0, 3.0]
areas_mean_avg: 0.2832498770679473
areas_stdev_avg: 0.1497807721512468
areas_quantiles_avg: [0.17357633689196883, 0.26511043169955006, 0.37460547102215336]
highest_IoU_mean_avg: 0.2489115237698106
highest_IoU_stdev_avg: 0.1868610088319802
highest_IoU_quantiles_avg: [0.08945784441260485, 0.23307679334260414, 0.3793624606085231]
original_annotations_per_image_mean_avg: 2.3626168224299064
original_annotations_per_image_stdev_avg: 2.45315503275299
original_annotations_per_image_quantiles_avg: [1.0, 1.0, 3.0]
