annotations_per_class_this_run_avg: [145.0, 163.33333333333334, 143.33333333333334, 137.33333333333334, 156.66666666666666, 148.66666666666666, 148.33333333333334, 137.66666666666666, 151.0, 148.66666666666666, 164.0, 155.0, 149.0, 156.0, 149.33333333333334, 139.66666666666666, 158.33333333333334, 150.66666666666666, 145.0, 149.0]
annotations_per_class_avg: [452.6666666666667, 458.6666666666667, 453.6666666666667, 434.6666666666667, 457.6666666666667, 452.3333333333333, 452.3333333333333, 434.6666666666667, 449.0, 440.0, 467.6666666666667, 462.3333333333333, 462.3333333333333, 466.6666666666667, 448.3333333333333, 424.0, 446.3333333333333, 443.6666666666667, 443.3333333333333, 437.6666666666667]
areas_this_run_mean_avg: 0.28377653602630953
areas_this_run_stdev_avg: 0.15010738176185287
areas_this_run_quantiles_avg: [0.1745547087243932, 0.26433986474131826, 0.37633930480619765]
highest_IoU_this_run_mean_avg: 0.24994199255182456
highest_IoU_this_run_stdev_avg: 0.186996676544723
highest_IoU_this_run_quantiles_avg: [0.0890558247736576, 0.23526585200050978, 0.3824431750117007]
original_annotations_per_image_this_run_mean_avg: 2.391188251001335
original_annotations_per_image_this_run_stdev_avg: 2.499761212943622
original_annotations_per_image_this_run_quantiles_avg: [1.0, 1.0, 3.0]
areas_mean_avg: 0.28300247219875757
areas_stdev_avg: 0.14926249759894825
areas_quantiles_avg: [0.17434263354274085, 0.2649579590063589, 0.3737672733733386]
highest_IoU_mean_avg: 0.24900023189154116
highest_IoU_stdev_avg: 0.18705263937266817
highest_IoU_quantiles_avg: [0.08899753762195299, 0.23327368550682767, 0.3802861721881026]
original_annotations_per_image_mean_avg: 2.3805073431241657
original_annotations_per_image_stdev_avg: 2.5057908585619386
original_annotations_per_image_quantiles_avg: [1.0, 1.0, 3.0]
