annotations_per_class_this_run_avg: [147.66666666666666, 146.0, 159.66666666666666, 145.33333333333334, 153.33333333333334, 152.33333333333334, 152.66666666666666, 152.0, 151.0, 150.66666666666666, 149.66666666666666, 142.33333333333334, 161.0, 160.0, 146.66666666666666, 146.33333333333334, 135.66666666666666, 147.0, 146.33333333333334, 150.33333333333334]
annotations_per_class_avg: [147.66666666666666, 146.0, 159.66666666666666, 145.33333333333334, 153.33333333333334, 152.33333333333334, 152.66666666666666, 152.0, 151.0, 150.66666666666666, 149.66666666666666, 142.33333333333334, 161.0, 160.0, 146.66666666666666, 146.33333333333334, 135.66666666666666, 147.0, 146.33333333333334, 150.33333333333334]
areas_this_run_mean_avg: 0.2806220553325292
areas_this_run_stdev_avg: 0.1479959223105816
areas_this_run_quantiles_avg: [0.17125654951761793, 0.2648529720661351, 0.36981570529795427]
highest_IoU_this_run_mean_avg: 0.24906185426737695
highest_IoU_this_run_stdev_avg: 0.18863459443064257
highest_IoU_this_run_quantiles_avg: [0.08721673799266672, 0.23203657950578047, 0.3829311768576879]
original_annotations_per_image_this_run_mean_avg: 2.341789052069426
original_annotations_per_image_this_run_stdev_avg: 2.4819569349114774
original_annotations_per_image_this_run_quantiles_avg: [1.0, 1.0, 3.0]
areas_mean_avg: 0.2806220553325292
areas_stdev_avg: 0.1479959223105816
areas_quantiles_avg: [0.17125654951761793, 0.2648529720661351, 0.36981570529795427]
highest_IoU_mean_avg: 0.24906185426737695
highest_IoU_stdev_avg: 0.18863459443064257
highest_IoU_quantiles_avg: [0.08721673799266672, 0.23203657950578047, 0.3829311768576879]
original_annotations_per_image_mean_avg: 2.341789052069426
original_annotations_per_image_stdev_avg: 2.4819569349114774
original_annotations_per_image_quantiles_avg: [1.0, 1.0, 3.0]
