YOLO: 0.5414826415804234 0.5300766410554961 0.526351557448743 0.5188789022408407 0.5223419609307588 0.46196713080718693
Brain: 0.6153083958818035 0.5540969593559748 0.5759525954600188 0.5761602997165525 0.5229802756168629 0.5283342495112154
VIS: 0.24583729687251182 0.22984844177905547 0.22322847908681775 0.2055921885756936 0.18993879204353248 0.17376519476900218
Faster-RCNN: 0.2745 0.2426 0.2413 0.2595 0.2528 0.2241
