YOLO: 0.5429970189493052 0.5283460347325847 0.5103237044172877 0.4993230770323202 0.4814193463443665 0.46983064074416897
Brain: 0.6153083958818035 0.5891286592714227 0.48627308133600405 0.5149112277861148 0.4133940912515347 0.3798644660556356
VIS: 0.2512056692848858 0.23129821586251695 0.21809631015268366 0.2177750177401078 0.2144842383297162 0.2166895622253871
Faster-RCNN: 0.2711 0.2475 0.217 0.189 0.1586 0.1429
