number_of_corrupted_annotations_per_class_this_run_avg: [94.33333333333333, 64.66666666666667, 109.66666666666667, 74.66666666666667, 84.66666666666667, 52.333333333333336, 181.33333333333334, 121.33333333333333, 171.33333333333334, 47.666666666666664, 45.333333333333336, 154.33333333333334, 76.66666666666667, 74.0, 1315.6666666666667, 71.33333333333333, 69.33333333333333, 58.0, 63.666666666666664, 65.66666666666667]
IoU_this_run_mean_avg: 0.5178457518977176
IoU_this_run_stdev_avg: 0.26149202980655867
IoU_this_run_quantiles_avg: [0.3397219492461801, 0.5894099835225705, 0.7254460724076527]
areas_this_run_mean_avg: 0.25690385673094346
areas_this_run_stdev_avg: 0.2637084813332245
areas_this_run_quantiles_avg: [0.04110111116666667, 0.15848794900000002, 0.40581400951041663]
number_of_corrupted_annotations_per_class_so_far_avg: [390.0, 249.0, 461.3333333333333, 312.0, 307.0, 207.33333333333334, 630.3333333333334, 591.3333333333334, 590.0, 207.33333333333334, 156.33333333333334, 663.6666666666666, 278.6666666666667, 256.3333333333333, 5373.666666666667, 248.33333333333334, 244.0, 256.6666666666667, 293.0, 267.6666666666667]
IoU_so_far_mean_avg: 0.5381297116643747
IoU_so_far_stdev_avg: 0.2541451909593408
IoU_so_far_quantiles_avg: [0.3817509149570206, 0.6114664019576209, 0.7342298698942032]
areas_so_far_mean_avg: 0.2779312394107731
areas_so_far_stdev_avg: 0.27036610383871457
areas_so_far_quantiles_avg: [0.050429479833333325, 0.1854190023333333, 0.4452742237853333]
