number_of_corrupted_annotations_per_class_this_run_avg: [111.66666666666667, 54.333333333333336, 121.0, 72.66666666666667, 71.66666666666667, 48.0, 135.33333333333334, 169.0, 118.0, 48.666666666666664, 30.666666666666668, 176.0, 70.0, 56.666666666666664, 1399.6666666666667, 53.0, 57.666666666666664, 61.666666666666664, 80.33333333333333, 60.0]
IoU_this_run_mean_avg: 0.5542548392831942
IoU_this_run_stdev_avg: 0.247980337492976
IoU_this_run_quantiles_avg: [0.4127895062177003, 0.6273453426256068, 0.7417105590509895]
areas_this_run_mean_avg: 0.2962575152375146
areas_this_run_stdev_avg: 0.27466494759574717
areas_this_run_quantiles_avg: [0.05978188449999999, 0.21121359866666664, 0.4780832673]
number_of_corrupted_annotations_per_class_so_far_avg: [111.66666666666667, 54.333333333333336, 121.0, 72.66666666666667, 71.66666666666667, 48.0, 135.33333333333334, 169.0, 118.0, 48.666666666666664, 30.666666666666668, 176.0, 70.0, 56.666666666666664, 1399.6666666666667, 53.0, 57.666666666666664, 61.666666666666664, 80.33333333333333, 60.0]
IoU_so_far_mean_avg: 0.5542548392831942
IoU_so_far_stdev_avg: 0.247980337492976
IoU_so_far_quantiles_avg: [0.4127895062177003, 0.6273453426256068, 0.7417105590509895]
areas_so_far_mean_avg: 0.2962575152375146
areas_so_far_stdev_avg: 0.27466494759574717
areas_so_far_quantiles_avg: [0.05978188449999999, 0.21121359866666664, 0.4780832673]
