number_of_corrupted_annotations_per_class_this_run_avg: [81.66666666666667, 67.33333333333333, 98.0, 77.66666666666667, 93.66666666666667, 63.0, 181.33333333333334, 111.0, 186.33333333333334, 63.666666666666664, 44.0, 141.0, 64.33333333333333, 69.0, 1304.3333333333333, 77.33333333333333, 70.0, 73.66666666666667, 67.33333333333333, 61.333333333333336]
IoU_this_run_mean_avg: 0.5002138587423963
IoU_this_run_stdev_avg: 0.2663625075894129
IoU_this_run_quantiles_avg: [0.3045175725188361, 0.567958434048686, 0.7148577803065616]
areas_this_run_mean_avg: 0.23538208435492702
areas_this_run_stdev_avg: 0.2547285349175142
areas_this_run_quantiles_avg: [0.0349591655, 0.13651821966666666, 0.354583184]
number_of_corrupted_annotations_per_class_so_far_avg: [471.6666666666667, 316.3333333333333, 559.3333333333334, 389.6666666666667, 400.6666666666667, 270.3333333333333, 811.6666666666666, 702.3333333333334, 776.3333333333334, 271.0, 200.33333333333334, 804.6666666666666, 343.0, 325.3333333333333, 6678.0, 325.6666666666667, 314.0, 330.3333333333333, 360.3333333333333, 329.0]
IoU_so_far_mean_avg: 0.530546541079979
IoU_so_far_stdev_avg: 0.25710008638213916
IoU_so_far_quantiles_avg: [0.3654747367683771, 0.6040506877119127, 0.7304040156199076]
areas_so_far_mean_avg: 0.2694214083996039
areas_so_far_stdev_avg: 0.26785043839241135
areas_so_far_quantiles_avg: [0.047051921, 0.174697573, 0.4292419855]
