number_of_corrupted_annotations_per_class_this_run_avg: [86.33333333333333, 67.66666666666667, 112.0, 81.0, 83.0, 55.666666666666664, 165.66666666666666, 136.0, 159.66666666666666, 55.0, 40.666666666666664, 167.0, 65.33333333333333, 65.33333333333333, 1312.3333333333333, 67.33333333333333, 62.333333333333336, 68.66666666666667, 72.0, 73.0]
IoU_this_run_mean_avg: 0.5372495555001716
IoU_this_run_stdev_avg: 0.2553995690225214
IoU_this_run_quantiles_avg: [0.38307776228755647, 0.6106007117965074, 0.7324449911743875]
areas_this_run_mean_avg: 0.2742224063019791
areas_this_run_stdev_avg: 0.26805702184829
areas_this_run_quantiles_avg: [0.04949389809375001, 0.18479859799999998, 0.4389171336666667]
number_of_corrupted_annotations_per_class_so_far_avg: [295.6666666666667, 184.33333333333334, 351.6666666666667, 237.33333333333334, 222.33333333333334, 155.0, 449.0, 470.0, 418.6666666666667, 159.66666666666666, 111.0, 509.3333333333333, 202.0, 182.33333333333334, 4058.0, 177.0, 174.66666666666666, 198.66666666666666, 229.33333333333334, 202.0]
IoU_so_far_mean_avg: 0.5448910315865937
IoU_so_far_stdev_avg: 0.2512955777463532
IoU_so_far_quantiles_avg: [0.3969079956770347, 0.6177123906036828, 0.7368391812045999]
areas_so_far_mean_avg: 0.28494036697071623
areas_so_far_stdev_avg: 0.27218438237337605
areas_so_far_quantiles_avg: [0.05440960783333334, 0.19487910266666666, 0.4572560248333333]
