number_of_corrupted_annotations_per_class_this_run_avg: [97.66666666666667, 62.333333333333336, 118.66666666666667, 83.66666666666667, 67.66666666666667, 51.333333333333336, 148.0, 165.0, 141.0, 56.0, 39.666666666666664, 166.33333333333334, 66.66666666666667, 60.333333333333336, 1346.0, 56.666666666666664, 54.666666666666664, 68.33333333333333, 77.0, 69.0]
IoU_this_run_mean_avg: 0.5431686999764154
IoU_this_run_stdev_avg: 0.250070542503129
IoU_this_run_quantiles_avg: [0.38891591583380825, 0.61518430447377, 0.734363307919251]
areas_this_run_mean_avg: 0.28434117937265513
areas_this_run_stdev_avg: 0.27302563138270997
areas_this_run_quantiles_avg: [0.05399111377266667, 0.19259261433333333, 0.4523461825729167]
number_of_corrupted_annotations_per_class_so_far_avg: [209.33333333333334, 116.66666666666667, 239.66666666666666, 156.33333333333334, 139.33333333333334, 99.33333333333333, 283.3333333333333, 334.0, 259.0, 104.66666666666667, 70.33333333333333, 342.3333333333333, 136.66666666666666, 117.0, 2745.6666666666665, 109.66666666666667, 112.33333333333333, 130.0, 157.33333333333334, 129.0]
IoU_so_far_mean_avg: 0.5487117696298048
IoU_so_far_stdev_avg: 0.2491396213077913
IoU_so_far_quantiles_avg: [0.40302289230114646, 0.6215385986609613, 0.7383415431597973]
areas_so_far_mean_avg: 0.29029934730508483
areas_so_far_stdev_avg: 0.2740778036873264
areas_so_far_quantiles_avg: [0.05652547900000001, 0.20170463800000002, 0.466050617]
