YOLO: 0.5524357131232792 0.548167814585553 0.5237219919522181 0.5184825634252169 0.4922682695031539 0.49693790007173017
Brain: 0.6153083958818035 0.5397221377494807 0.47481847455147097 0.4459730010719413 0.406327554345922 0.40063567910136166
VIS: 0.2512056692848858 0.23876973680648003 0.2227758004542664 0.20633451744006004 0.18450369614104598 0.1643632932710339
Faster-RCNN: 0.2828 0.2777 0.2662 0.2601 0.2652 0.2533
