annotations_removed_per_class_this_run_avg: [99.66666666666667, 67.0, 119.66666666666667, 68.0, 90.33333333333333, 48.666666666666664, 143.66666666666666, 144.66666666666666, 157.66666666666666, 58.666666666666664, 31.666666666666668, 162.33333333333334, 66.66666666666667, 59.666666666666664, 1346.6666666666667, 63.0, 68.0, 63.0, 70.33333333333333, 66.66666666666667]
areas_removed_this_run_mean_avg: 0.26656021407254227
areas_removed_this_run_stdev_avg: 0.2646055510465246
areas_removed_this_run_quantiles_avg: [0.048210471166666664, 0.1734579506666667, 0.42491687599999994]
original_annotations_this_run_mean_avg: 2.8386737872719183
original_annotations_this_run_stdev_avg: 2.6211502366774364
original_annotations_this_run_quantiles_avg: [1.0, 2.0, 3.3333333333333335]
annotations_removed_per_class_avg: [311.3333333333333, 194.66666666666666, 372.3333333333333, 213.66666666666666, 231.0, 146.66666666666666, 452.0, 453.3333333333333, 417.6666666666667, 170.66666666666666, 104.0, 514.6666666666666, 196.66666666666666, 189.33333333333334, 4040.0, 178.0, 190.0, 189.0, 234.33333333333334, 188.66666666666666]
areas_removed_mean_avg: 0.28303365581079526
areas_removed_stdev_avg: 0.26994569297232723
areas_removed_quantiles_avg: [0.05524988416666667, 0.1941293026666667, 0.45414345733333333]
original_annotations_mean_avg: 2.621235721703011
original_annotations_stdev_avg: 2.5480892567207927
original_annotations_quantiles_avg: [1.0, 2.0, 3.0]
