annotations_removed_per_class_this_run_avg: [110.33333333333333, 65.33333333333333, 134.33333333333334, 74.33333333333333, 62.666666666666664, 51.666666666666664, 150.33333333333334, 160.66666666666666, 126.33333333333333, 47.333333333333336, 33.0, 174.33333333333334, 64.33333333333333, 67.0, 1344.3333333333333, 62.0, 62.0, 60.0, 84.66666666666667, 61.0]
areas_removed_this_run_mean_avg: 0.29858573691705165
areas_removed_this_run_stdev_avg: 0.27524865629058254
areas_removed_this_run_quantiles_avg: [0.06152417966666668, 0.21345603466666666, 0.47926359296666665]
original_annotations_this_run_mean_avg: 2.420560747663551
original_annotations_this_run_stdev_avg: 2.4497897786181055
original_annotations_this_run_quantiles_avg: [1.0, 2.0, 3.0]
annotations_removed_per_class_avg: [110.33333333333333, 65.33333333333333, 134.33333333333334, 74.33333333333333, 62.666666666666664, 51.666666666666664, 150.33333333333334, 160.66666666666666, 126.33333333333333, 47.333333333333336, 33.0, 174.33333333333334, 64.33333333333333, 67.0, 1344.3333333333333, 62.0, 62.0, 60.0, 84.66666666666667, 61.0]
areas_removed_mean_avg: 0.29858573691705165
areas_removed_stdev_avg: 0.27524865629058254
areas_removed_quantiles_avg: [0.06152417966666668, 0.21345603466666666, 0.47926359296666665]
original_annotations_mean_avg: 2.420560747663551
original_annotations_stdev_avg: 2.4497897786181055
original_annotations_quantiles_avg: [1.0, 2.0, 3.0]
