annotations_removed_per_class_this_run_avg: [80.33333333333333, 67.0, 102.33333333333333, 71.33333333333333, 100.33333333333333, 54.333333333333336, 180.33333333333334, 112.0, 191.66666666666666, 58.0, 43.333333333333336, 142.33333333333334, 62.333333333333336, 67.0, 1331.0, 72.66666666666667, 66.0, 74.0, 52.666666666666664, 67.0]
areas_removed_this_run_mean_avg: 0.23755099678820082
areas_removed_this_run_stdev_avg: 0.2536054787477901
areas_removed_this_run_quantiles_avg: [0.03552241766666667, 0.14028188166666666, 0.36427296733333336]
original_annotations_this_run_mean_avg: 3.496105919003115
original_annotations_this_run_stdev_avg: 2.9614735202460007
original_annotations_this_run_quantiles_avg: [2.0, 3.0, 4.0]
annotations_removed_per_class_avg: [471.6666666666667, 328.6666666666667, 572.6666666666666, 358.6666666666667, 432.0, 256.6666666666667, 792.3333333333334, 678.0, 778.0, 290.6666666666667, 192.33333333333334, 812.0, 331.3333333333333, 322.0, 6718.0, 320.3333333333333, 321.6666666666667, 323.0, 356.3333333333333, 323.6666666666667]
areas_removed_mean_avg: 0.2682803906282098
areas_removed_stdev_avg: 0.26609577690193875
areas_removed_quantiles_avg: [0.047208296500000003, 0.17517099633333336, 0.42676844999999997]
original_annotations_mean_avg: 2.911415220293725
original_annotations_stdev_avg: 2.7645860173718013
original_annotations_quantiles_avg: [1.0, 2.0, 4.0]
