annotations_removed_per_class_this_run_avg: [80.0, 67.0, 98.0, 73.66666666666667, 100.66666666666667, 55.666666666666664, 160.0, 112.66666666666667, 168.66666666666666, 62.0, 45.0, 155.0, 72.33333333333333, 65.66666666666667, 1347.0, 69.66666666666667, 65.66666666666667, 60.0, 69.33333333333333, 68.0]
areas_removed_this_run_mean_avg: 0.2547499889204622
areas_removed_this_run_stdev_avg: 0.2632045139260111
areas_removed_this_run_quantiles_avg: [0.03902825827525, 0.1584804211515, 0.3998071385]
original_annotations_this_run_mean_avg: 3.197263017356475
original_annotations_this_run_stdev_avg: 3.0434194387941567
original_annotations_this_run_quantiles_avg: [1.0, 2.0, 4.0]
annotations_removed_per_class_avg: [391.3333333333333, 261.6666666666667, 470.3333333333333, 287.3333333333333, 331.6666666666667, 202.33333333333334, 612.0, 566.0, 586.3333333333334, 232.66666666666666, 149.0, 669.6666666666666, 269.0, 255.0, 5387.0, 247.66666666666666, 255.66666666666666, 249.0, 303.6666666666667, 256.6666666666667]
areas_removed_mean_avg: 0.275962739088212
areas_removed_stdev_avg: 0.2685758652575771
areas_removed_quantiles_avg: [0.050851720999999996, 0.18444787466666668, 0.4414689881666667]
original_annotations_mean_avg: 2.7652425456163776
original_annotations_stdev_avg: 2.6934098131348168
original_annotations_quantiles_avg: [1.0, 2.0, 3.0]
