annotations_removed_per_class_this_run_avg: [101.33333333333333, 62.333333333333336, 118.33333333333333, 71.33333333333333, 78.0, 46.333333333333336, 158.0, 148.0, 133.66666666666666, 64.66666666666667, 39.333333333333336, 178.0, 65.66666666666667, 62.666666666666664, 1349.0, 53.0, 60.0, 66.0, 79.33333333333333, 61.0]
areas_removed_this_run_mean_avg: 0.2839550164427918
areas_removed_this_run_stdev_avg: 0.2689711932014542
areas_removed_this_run_quantiles_avg: [0.056413247, 0.19722300233333334, 0.45448531566666667]
original_annotations_this_run_mean_avg: 2.604472630173565
original_annotations_this_run_stdev_avg: 2.5487572363028352
original_annotations_this_run_quantiles_avg: [1.0, 2.0, 3.0]
annotations_removed_per_class_avg: [211.66666666666666, 127.66666666666667, 252.66666666666666, 145.66666666666666, 140.66666666666666, 98.0, 308.3333333333333, 308.6666666666667, 260.0, 112.0, 72.33333333333333, 352.3333333333333, 130.0, 129.66666666666666, 2693.3333333333335, 115.0, 122.0, 126.0, 164.0, 122.0]
areas_removed_mean_avg: 0.2912703766799217
areas_removed_stdev_avg: 0.2722128941169805
areas_removed_quantiles_avg: [0.05911380833333333, 0.20564238833333334, 0.466194623]
original_annotations_mean_avg: 2.512516688918558
original_annotations_stdev_avg: 2.5033716583627945
original_annotations_quantiles_avg: [1.0, 2.0, 3.0]
