YOLO: 0.5454066118060328 0.5410512247689222 0.540528998864878 0.5479265202268503 0.534182590524137 0.5396094565911089
Brain: 0.6153083958818035 0.5956655070075225 0.5036335293688264 0.5357974496451539 0.48959796684859924 0.540061908817244
VIS: 0.2512056692848858 0.23753974748371462 0.23923731017715444 0.2346247914017806 0.23356578212596457 0.22979394727762692
Faster-RCNN: 0.2745 0.2258 0.2237 0.267 0.1962 0.213
